p_i = [-10000.0 0;
     -4800 1000;
-1083.6933276395785 1527.1942766592483];

p_task = [-12842.74 12076.025;   
-10584.675 16169.59;
-7197.580000000001 14415.205;
-5000 10000;
-1713.71 15935.675000000001;
-2681.45 12543.859999999999;
-1500 10029.24];

p_f = [-9000 18000;
-5000 16000;
1308.0787930389083 16373.925361067799];

